Pfad: C:\TRNSYS18\Building\trnvfm


************************************************************
** TRNVFM Version 1.39 
************************************************************
** Reading b17 file: C:\Users\YkorT\OneDrive\YKOR\Poly\Automne 2024\MEC8370 - AER8875 Projets intégrateurs IV\Demo\New folder\Code and database\Modified-Simple-Step3_2.b18

Reading zone: Basement

Reading zone: West

Reading zone: East
** Closing b17 file: C:\Users\YkorT\OneDrive\YKOR\Poly\Automne 2024\MEC8370 - AER8875 Projets intégrateurs IV\Demo\New folder\Code and database\Modified-Simple-Step3_2.b18


** view factor calculation for zone Basement
** view factor calculation method surface to surface: closed form solution (P. Schröder and P. Hanrahan)
** view factor calculation method of gain/comfort positions: infinitesimal sphere

** view factor calculation for zone West
** view factor calculation method surface to surface: closed form solution (P. Schröder and P. Hanrahan)
** view factor calculation method of gain/comfort positions: infinitesimal sphere

** view factor calculation for zone East
** view factor calculation method surface to surface: closed form solution (P. Schröder and P. Hanrahan)
** view factor calculation method of gain/comfort positions: infinitesimal sphere

** Reading ffr file: C:\Users\YkorT\OneDrive\YKOR\Poly\Automne 2024\MEC8370 - AER8875 Projets intégrateurs IV\Demo\New folder\Code and database\Basement.ffr
** Reading ffr file: C:\Users\YkorT\OneDrive\YKOR\Poly\Automne 2024\MEC8370 - AER8875 Projets intégrateurs IV\Demo\New folder\Code and database\Basement.ffr...OK

** Reading ffr file: C:\Users\YkorT\OneDrive\YKOR\Poly\Automne 2024\MEC8370 - AER8875 Projets intégrateurs IV\Demo\New folder\Code and database\West.ffr
** Reading ffr file: C:\Users\YkorT\OneDrive\YKOR\Poly\Automne 2024\MEC8370 - AER8875 Projets intégrateurs IV\Demo\New folder\Code and database\West.ffr...OK

** Reading ffr file: C:\Users\YkorT\OneDrive\YKOR\Poly\Automne 2024\MEC8370 - AER8875 Projets intégrateurs IV\Demo\New folder\Code and database\East.ffr
** Reading ffr file: C:\Users\YkorT\OneDrive\YKOR\Poly\Automne 2024\MEC8370 - AER8875 Projets intégrateurs IV\Demo\New folder\Code and database\East.ffr...OK

0.000000000000 0.139255742706 0.139255742706 0.277255366584 0.083488890710 0.083488890710 0.277255366584 Sum=0.999999999999998
0.348139356765 0.000000000000 0.123416567642 0.174069678382 0.090152359414 0.090152359414 0.174069678382 Sum=0.999999999999997
0.348139356765 0.123416567642 0.000000000000 0.174069678382 0.090152359414 0.090152359414 0.174069678382 Sum=0.999999999999998
0.554510733169 0.139255742706 0.139255742706 0.000000000000 0.153945262255 0.013032519165 0.000000000000 Sum=1
0.333955562839 0.144243775063 0.144243775063 0.307890524509 0.000000000000 0.043601324196 0.026065038330 Sum=0.999999999999999
0.333955562839 0.144243775063 0.144243775063 0.026065038330 0.043601324196 0.000000000000 0.307890524509 Sum=0.999999999999999
0.554510733169 0.139255742706 0.139255742706 0.000000000000 0.013032519165 0.153945262255 0.000000000000 Sum=1
0.000000000000 0.053150715891 0.028842202979 0.156817498650 0.302186041915 0.302186041915 0.156817498650 Sum=1
0.079726073836 0.000000000000 0.000000000000 0.165192767472 0.307416152642 0.282472238577 0.165192767472 Sum=1
0.086526608936 0.000000000000 0.000000000000 0.140066961007 0.291725820460 0.341613648589 0.140066961007 Sum=1
0.125453998920 0.088102809318 0.037351189602 0.000000000000 0.307890524509 0.307890524509 0.133310953141 Sum=1
0.120874416766 0.081977640705 0.038896776061 0.153945262255 0.000000000000 0.450360641959 0.153945262255 Sum=1
0.120874416766 0.075325930287 0.045548486479 0.153945262255 0.450360641959 0.000000000000 0.153945262255 Sum=1
0.125453998920 0.088102809318 0.037351189602 0.133310953141 0.307890524509 0.307890524509 0.000000000000 Sum=1
0.000000000000 0.120874416766 0.450360641959 0.153945262255 0.075325930287 0.045548486479 0.153945262255 Sum=1
0.302186041915 0.000000000000 0.302186041915 0.156817498650 0.053150715891 0.028842202979 0.156817498650 Sum=1
0.450360641959 0.120874416766 0.000000000000 0.153945262255 0.081977640705 0.038896776061 0.153945262255 Sum=1
0.307890524509 0.125453998920 0.307890524509 0.000000000000 0.088102809318 0.037351189602 0.133310953141 Sum=1
0.282472238577 0.079726073836 0.307416152642 0.165192767472 0.000000000000 0.000000000000 0.165192767472 Sum=1
0.341613648589 0.086526608936 0.291725820460 0.140066961007 0.000000000000 0.000000000000 0.140066961007 Sum=1
0.307890524509 0.125453998920 0.307890524509 0.133310953141 0.088102809318 0.037351189602 0.000000000000 Sum=1

++++ Smoothing of area view factors in zones...
==== zone Basement...
iteration #1 of 50
0.000000000000 0.139255742706 0.139255742706 0.277255366584 0.083488890710 0.083488890710 0.277255366584 Sum=0.999999999999998
0.348139356765 0.000000000000 0.123416567642 0.174069678382 0.090152359414 0.090152359414 0.174069678382 Sum=0.999999999999998
0.348139356765 0.123416567642 0.000000000000 0.174069678382 0.090152359414 0.090152359414 0.174069678382 Sum=0.999999999999998
0.554510733169 0.139255742706 0.139255742706 0.000000000000 0.153945262255 0.013032519165 0.000000000000 Sum=1
0.333955562839 0.144243775063 0.144243775063 0.307890524509 0.000000000000 0.043601324196 0.026065038330 Sum=1
0.333955562839 0.144243775063 0.144243775063 0.026065038330 0.043601324196 0.000000000000 0.307890524509 Sum=0.999999999999999
0.554510733169 0.139255742706 0.139255742706 0.000000000000 0.013032519165 0.153945262255 0.000000000000 Sum=1
++++ Smoothing of area view factors in zones...OK

==== zone West...
iteration #1 of 50
0.000000000000 0.053150715891 0.028842202979 0.156817498650 0.302186041915 0.302186041915 0.156817498650 Sum=1
0.079726073836 0.000000000000 0.000000000000 0.165192767472 0.307416152642 0.282472238577 0.165192767472 Sum=1
0.086526608936 0.000000000000 0.000000000000 0.140066961007 0.291725820460 0.341613648589 0.140066961007 Sum=1
0.125453998920 0.088102809318 0.037351189602 0.000000000000 0.307890524509 0.307890524509 0.133310953141 Sum=1
0.120874416766 0.081977640705 0.038896776061 0.153945262255 0.000000000000 0.450360641959 0.153945262255 Sum=1
0.120874416766 0.075325930287 0.045548486479 0.153945262255 0.450360641959 0.000000000000 0.153945262255 Sum=1
0.125453998920 0.088102809318 0.037351189602 0.133310953141 0.307890524509 0.307890524509 0.000000000000 Sum=1
++++ Smoothing of area view factors in zones...OK

==== zone East...
iteration #1 of 50
0.000000000000 0.120874416766 0.450360641959 0.153945262255 0.075325930287 0.045548486479 0.153945262255 Sum=1
0.302186041915 0.000000000000 0.302186041915 0.156817498650 0.053150715891 0.028842202979 0.156817498650 Sum=1
0.450360641959 0.120874416766 0.000000000000 0.153945262255 0.081977640705 0.038896776061 0.153945262255 Sum=1
0.307890524509 0.125453998920 0.307890524509 0.000000000000 0.088102809318 0.037351189602 0.133310953141 Sum=1
0.282472238577 0.079726073836 0.307416152642 0.165192767472 0.000000000000 0.000000000000 0.165192767472 Sum=1
0.341613648589 0.086526608936 0.291725820460 0.140066961007 0.000000000000 0.000000000000 0.140066961007 Sum=0.999999999999997
0.307890524509 0.125453998920 0.307890524509 0.133310953141 0.088102809318 0.037351189602 0.000000000000 Sum=1
++++ Smoothing of area view factors in zones...OK


++++ Writing VFM file: C:\Users\YkorT\OneDrive\YKOR\Poly\Automne 2024\MEC8370 - AER8875 Projets intégrateurs IV\Demo\New folder\Code and database\Modified-Simple-Step3_2.vfm

VFM file successfully created.
